0
23
0
76
0
67
1
8
1
5
1
10
1
17
1
1
2
78
2
72
2
2
2
71
2
58
3
46
3
59
3
16
3
85
4
2
4
64
4
46
5
2
5
62
5
79
6
50
7
5
7
80
7
62
7
53
7
43
8
43
8
87
8
64
8
33
9
80
9
31
9
29
9
60
9
33
10
11
11
71
11
60
11
35
11
7
12
71
12
76
12
16
13
37
13
40
13
81
13
50
13
11
14
14
14
14
14
16
14
56
15
30
15
88
15
10
15
8
15
19
16
27
16
74
16
17
16
87
16
17
16
27
17
3
17
6
17
12
17
7
18
61
18
64
18
43
18
32
19
70
19
20
20
66
20
8
20
76
20
28
20
13
21
14
22
5
22
25
22
22
22
37
22
4
23
27
24
80
24
29
24
68
24
16
25
81
25
52
26
27
27
19
27
31
27
61
27
3
27
11
27
49
28
44
28
8
28
40
28
4
28
73
29
36
29
43
29
40
29
6
29
74
29
78
30
2
30
40
30
23
30
46
30
6
31
41
31
56
31
15
31
25
32
17
32
24
32
72
32
53
33
4
33
25
34
20
34
4
34
29
34
48
34
88
34
3
35
75
35
85
35
75
36
81
36
60
36
39
36
20
36
36
37
10
37
84
37
75
37
3
38
70
39
86
39
81
39
56
39
17
40
82
41
69
41
59
41
85
41
87
41
28
42
30
42
63
43
38
43
18
43
82
44
42
44
54
44
1
44
9
44
31
45
32
45
50
45
74
45
74
45
2
46
89
46
6
46
76
47
12
48
39
48
73
48
20
48
28
49
33
50
21
50
83
51
38
51
8
52
58
52
77
52
48
52
50
52
87
53
22
53
62
53
41
53
73
54
5
54
1
54
8
54
18
54
47
54
6
55
37
55
66
55
64
55
59
56
53
57
86
57
17
57
45
58
44
58
52
58
88
58
9
58
23
58
78
58
3
58
88
58
23
59
49
59
1
60
66
60
62
61
28
61
13
61
83
61
12
62
75
63
59
63
2
63
19
64
86
64
25
64
45
65
77
65
51
65
89
65
6
65
45
65
69
66
27
66
53
66
84
67
69
67
44
67
76
67
41
67
30
68
6
68
4
68
29
68
50
68
17
68
23
68
11
68
70
68
52
69
81
69
7
69
34
69
31
69
66
70
26
71
48
71
78
71
79
71
25
72
54
73
14
73
12
74
18
74
36
74
83
74
45
75
80
75
55
75
86
75
14
76
28
76
41
77
83
77
89
77
27
77
41
78
54
78
42
78
53
78
37
78
85
79
74
79
58
79
1
80
52
80
60
80
21
80
42
82
65
82
78
82
12
82
8
83
75
83
15
83
73
85
56
85
1
86
82
86
29
86
89
87
56
87
20
87
67
87
8
87
66
88
19
88
81
88
64
88
14
88
3
89
33
89
79
89
12
89
74
90
62
90
70
90
27
90
38
91
71
91
21
91
31
92
54
92
28
92
74
92
58
92
50
92
55
92
82
92
75
92
57
93
38
93
8
94
39
94
75
94
62
94
69
94
63
95
15
95
84
95
13
95
29
95
28
95
7
96
47
96
75
97
18
97
33
97
82
98
70
98
53
99
82
99
55
99
80
99
63
99
9
99
48
100
28
100
61
101
1
101
59
101
3
101
34
102
84
102
55
102
11
102
60
102
69
102
11
103
43
103
12
103
39
104
85
104
81
104
43
104
30
105
48
105
60
105
77
107
89
107
49
107
67
107
64
108
13
108
49
108
17
108
22
109
61
110
71
110
23
110
84
111
39
111
80
112
20
112
6
112
14
112
30
112
81
112
83
113
85
113
89
114
69
114
38
114
36
114
20
114
27
115
4
116
7
116
4
116
23
117
69
117
20
117
51
118
55
118
72
118
60
119
45
119
23
119
27
119
58
119
12
119
26
120
33
120
16
121
39
121
36
121
15
121
41
122
52
123
89
123
30
123
76
123
67
123
17
123
21
124
5
124
11
124
3
124
3
125
12
125
85
125
47
126
8
126
37
126
34
126
50
127
58
127
14
127
31
128
82
128
63
128
8
128
79
128
87
128
60
128
33
128
27
128
26
129
73
129
38
129
45
129
7
129
86
130
68
130
42
130
20
131
74
131
59
131
88
132
44
132
20
132
60
132
3
133
78
134
8
134
20
134
42
134
23
135
88
135
47
136
14
136
47
136
43
137
20
137
64
137
24
137
70
138
68
138
17
139
71
139
10
139
3
139
36
140
10
140
62
140
50
140
29
140
18
141
89
141
30
141
64
141
71
141
84
142
3
142
65
142
71
142
7
143
31
143
13
143
46
144
76
144
74
144
16
145
72
145
10
145
51
145
1
145
19
146
66
146
41
146
87
146
21
147
9
147
47
147
31
147
59
147
56
148
86
148
45
148
48
149
58
149
10
150
18
150
45
150
81
151
26
151
30
152
43
152
40
152
22
152
10
152
46
152
85
153
50
153
80
153
38
153
1
153
52
154
12
154
14
154
86
154
62
155
13
155
59
155
79
155
68
155
69
155
69
156
66
156
24
156
19
156
49
156
78
156
25
156
62
156
4
157
40
157
71
158
3
158
65
158
71
158
29
159
82
159
2
160
24
160
40
161
87
162
45
162
23
162
35
162
13
162
25
163
3
163
61
164
23
164
66
164
24
164
7
165
41
165
68
165
17
166
42
166
36
167
14
167
25
167
9
168
38
168
64
168
23
169
69
170
56
170
51
170
53
171
84
171
18
171
78
171
19
171
63
172
16
172
84
172
54
172
13
173
66
173
74
173
75
173
89
174
41
175
1
176
71
176
52
177
62
177
16
177
1
177
78
177
41
178
79
178
52
178
64
178
4
178
18
178
32
179
33
179
38
179
89
179
19
181
2
181
1
181
67
181
88
182
21
182
37
182
81
183
82
183
21
184
42
184
24
184
1
184
68
184
38
185
61
185
60
185
1
185
15
185
82
186
46
186
59
186
2
186
33
186
74
187
5
187
64
187
86
187
60
188
2
188
26
189
54
189
6
189
64
189
45
189
63
190
28
190
71
191
72
191
2
191
5
192
3
192
21
192
51
192
66
192
75
193
2
193
57
193
18
193
85
194
23
194
39
194
77
195
5
195
32
196
21
197
24
197
61
198
2
198
23
198
68
198
56
199
87
199
69
199
23
199
4
199
84
200
26
200
68
200
62
200
27
200
12
201
26
201
64
201
9
202
53
202
25
202
67
202
3
202
89
202
22
203
55
203
2
203
21
203
61
203
88
203
22
203
52
203
74
204
15
204
17
204
68
206
24
206
45
206
64
207
47
207
44
208
30
208
16
208
60
208
16
208
31
208
1
209
53
209
3
210
7
211
12
211
73
211
12
211
51
211
58
212
54
212
34
212
32
212
27
212
89
213
39
213
63
213
37
213
46
213
37
213
58
214
50
214
40
214
30
214
51
214
36
214
89
215
24
215
52
215
77
215
71
216
3
216
79
217
14
217
48
217
17
219
15
219
23
219
59
220
22
221
1
221
79
221
2
221
15
221
51
221
21
221
21
222
8
222
20
222
21
222
23
223
67
223
34
223
67
223
2
223
4
224
14
224
6
224
33
224
30
224
41
224
57
225
3
225
41
225
83
226
11
226
89
226
32
226
43
227
41
227
1
227
71
227
8
227
60
228
36
228
49
228
26
228
58
229
81
229
76
229
36
229
30
230
21
230
73
230
47
230
75
230
3
231
70
231
29
231
11
231
68
231
6
233
66
233
65
233
23
234
56
234
85
234
49
235
10
235
30
235
4
235
3
235
25
236
8
236
47
236
60
236
67
236
64
237
50
237
86
238
11
238
11
238
9
238
24
238
79
239
71
239
13
240
46
240
11
240
89
241
89
241
27
241
33
241
1
241
59
241
64
242
77
242
66
242
42
242
86
242
48
242
55
243
6
243
85
243
50
243
1
243
15
244
21
244
17
244
13
244
59
245
57
245
72
245
30
245
18
246
44
246
75
246
3
246
15
247
32
248
13
248
75
248
10
249
78
249
21
249
30
249
87
249
81
249
89
249
17
249
55
250
13
250
82
250
55
250
1
250
53
251
11
251
11
251
2
251
49
252
14
252
38
252
74
252
81
253
34
253
61
253
18
254
44
254
77
254
32
254
80
254
71
254
33
254
2
255
10
255
3
255
86
256
74
256
12
256
19
257
74
257
24
257
7
257
38
257
20
257
77
257
22
257
55
257
49
257
83
258
3
258
26
258
82
258
25
258
37
258
77
258
71
259
42
260
56
260
10
261
17
261
41
261
54
261
71
261
79
262
5
262
66
262
52
262
2
262
59
262
1
262
2
262
72
262
78
262
12
263
24
263
82
263
77
263
69
263
55
265
66
265
57
265
48
265
72
266
41
266
54
266
70
266
81
266
89
267
66
267
23
268
3
268
63
268
83
268
33
269
63
269
29
269
65
270
76
270
6
270
42
270
45
270
19
270
42
270
63
270
65
271
88
271
70
271
46
271
84
271
62

