0
22
0
29
0
1
1
3
1
2
1
30
2
83
2
1
2
54
2
73
3
52
3
2
4
2
4
84
4
3
4
3
4
4
4
23
5
88
5
22
5
78
6
87
6
3
7
1
7
3
7
2
7
67
8
69
8
24
8
1
9
2
9
3
9
52
10
30
10
28
10
1
10
30
11
35
11
2
11
31
11
55
11
1
11
63
12
20
12
58
12
1
12
23
13
82
13
3
13
81
13
1
13
1
13
53
14
48
14
43
14
59
15
3
15
66
15
2
15
1
15
1
16
68
16
3
16
71
18
3
18
3
18
55
19
2
19
1
19
3
19
86
19
1
20
61
20
3
21
4
21
66
21
35
21
2
21
60
21
2
21
2
22
88
22
33
22
2
23
83
23
2
23
42
24
39
25
62
25
1
25
2
25
30
25
31
26
1
26
16
26
77
27
70
27
44
27
6
28
42
28
63
28
52
29
3
29
42
29
53
29
2
30
88
30
1
30
83
30
56
31
65
32
54
32
36
32
1
32
48
33
3
33
87
34
2
34
2
35
71
35
1
36
53
36
78
36
3
36
2
36
75
36
83
37
76
38
62
39
62
40
2
40
3
40
4
41
78
41
2
41
2
41
3
41
1
42
47
42
8
42
2
43
1
43
2
43
88
44
51
44
42
44
2
45
2
45
2
45
22
45
52
45
13
45
1
46
28
46
2
46
31
46
23
46
76
47
87
47
19
47
87
48
2
49
69
49
1
49
24
49
24
49
2
49
59
49
3
49
81
50
3
50
2
50
3
50
1
50
3
51
86
51
3
52
70
52
6
52
78
52
2
53
2
53
5
54
8
54
3
55
77
55
66
56
2
56
3
56
63
56
3
57
2
57
7
57
3
57
1
57
3
58
72
58
2
58
3
58
71
58
4
59
16
59
3
59
13
60
1
60
2
60
28
60
2
61
27
61
76
61
29
62
32
62
42
62
2
62
76
62
59
62
3
63
79
63
2
63
1
63
3
63
3
63
1
63
1
63
60
64
12
64
24
64
44
65
7
65
53
65
2
65
3
66
1
66
9
66
48
66
71
67
2
67
23
69
57
70
3
70
82
71
82
71
23
71
59
71
57
71
1
71
42
71
2
72
41
72
46
72
58
73
49
73
53
73
3
73
2
74
2
74
28
75
48
75
28
76
46
76
42
77
86
77
2
77
36
77
3
77
33
78
70
78
28
78
64
79
3
80
28
80
43
80
1
81
14
81
1
81
3
81
12
81
1
81
3
81
1
82
46
82
83
82
60
82
15
83
2
83
2
83
63
84
2
84
64
84
31
85
1
85
78
85
3
85
2
85
55
85
3
86
11
87
2
87
2
87
9
88
3
88
2
88
39
88
69
89
72
89
3
89
2
89
2
89
2
89
3
89
1
90
80
90
13
91
13
91
3
91
20
91
3
92
75
92
51
92
40
92
7
93
49
94
60
94
3
95
3
95
71
95
2
95
40
96
49
96
1
97
59
97
3
97
18
97
2
97
2
98
3
98
3
99
71
99
61
100
37
100
3
100
67
101
45
101
73
102
59
102
3
102
3
102
38
103
50
103
3
103
3
104
2
104
3
104
2
104
1
104
2
104
3
104
3
105
33
105
3
105
1
106
49
106
17
106
74
106
3
107
3
107
38
107
18
107
3
108
1
108
1
108
2
109
3
109
6
110
69
110
3
110
3
110
61
110
60
110
18
111
1
112
76
112
24
112
79
113
36
113
46
113
1
114
80
114
3
114
3
115
70
115
85
115
2
115
69
115
24
116
55
116
2
116
35
117
3
117
27
117
68
118
33
118
2
118
3
119
1
119
1
119
1
119
84
119
3
120
28
120
57
121
54
121
55
121
83
121
3
123
2
123
2
123
71
123
1
123
53
123
82
124
50
124
39
124
6
124
2
124
1
125
75
125
85
125
1
126
2
126
1
126
2
127
49
127
2
128
44
128
1
128
3
128
2
128
1
128
2
129
1
129
65
129
20
129
4
129
23
130
3
130
82
130
44
130
2
130
1
130
45
130
2
130
54
130
47
130
1
131
1
131
55
131
47
132
61
132
1
132
88
132
1
132
1
133
1
133
34
133
3
133
1
133
3
134
45
134
10
134
24
135
2
135
18
135
45
136
1
136
54
136
1
137
75
137
21
137
75
138
3
139
5
139
3
139
64
140
82
141
1
141
1
141
43
142
46
142
3
142
31
143
83
143
3
144
9
144
66
144
56
144
87
144
88
144
3
144
1
144
63
145
3
145
64
146
8
146
2
147
80
147
81
147
47
147
3
148
3
148
2
149
2
149
74
149
3
150
3
150
12
150
16
150
2
150
1
150
41
151
3
151
35
151
22
151
2
151
83
151
46
151
3
151
1
152
1
152
68
152
56
153
49
153
83
153
1
153
57
153
3
154
3
155
1
155
3
155
14
155
1
155
2
156
34
156
3
156
36
156
1
157
38
157
2
157
2
157
7
159
1
159
61
159
66
159
70
159
1
160
3
160
37
160
80
161
58
161
57
161
3
161
36
161
89
161
82
161
36
162
80
162
3
163
3
163
1
163
15
163
1
163
3
164
3
165
80
165
51
165
1
165
1
165
16
165
1
165
1
165
26
166
2
166
37
166
42
167
3
167
28
167
24
168
1
168
2
169
74
169
15
169
78
169
1
170
2
170
1
171
2
172
30
172
3
172
51
173
79
173
46
173
1
173
21
174
2
174
2
174
56
175
19
175
2
175
3
176
56
176
77
176
69
176
7
176
3
176
32
176
1
177
79
177
3
177
3
177
87
177
3
177
3
178
82
178
3
178
22
178
35
178
54
179
17
179
62
179
29
180
1
180
2
180
3
181
81
181
1
181
1
181
41
182
3
182
1
183
1
183
67
183
2
183
4
184
2
184
69
184
3
184
5
184
3
185
2
185
13
186
3
186
3
186
56
186
1
187
2
187
1
187
1
188
2
188
62
188
3
188
68
188
2
188
1
189
1
189
1
189
48
190
5
190
24
190
7
191
1
191
2
191
2
192
9
192
24
192
6
192
9
192
2
193
2
193
1
193
3
194
47
194
2
194
3
194
55
195
62
195
1
195
3
196
1
196
3
196
1
197
3
197
1
197
13
198
17
198
88
198
2
199
3
199
1
199
1
199
1
199
2
199
85
200
35
200
3
201
2
201
2
201
15
202
1
202
88
202
4
203
2
203
3
203
15
204
1
205
80
205
78
206
38
206
48
206
70
206
2
207
1
207
43
207
1
207
3
207
3
207
15
207
2
207
1
208
3
208
2
208
1
208
46
209
1
209
2
209
2
209
3
209
69
210
2
210
3
210
2
210
6
210
2
211
1
211
15
212
2
213
2
213
1
213
1
213
3
214
15
214
2
214
1
214
2
214
1
215
87
215
3
215
1
215
48
215
1
216
3
216
3
216
28
217
13
217
40
217
34
217
89
218
29
218
60
218
6
218
3
218
3
219
12
219
45
219
3
220
1
221
2
221
64
221
41
221
63
221
2
221
3
221
3
222
1
222
60
222
44
222
3
223
57
223
2
223
77
224
2
224
1
225
3
225
1
225
65
226
2
226
3
227
2
227
2
227
65
227
76
227
1
227
37
228
25
229
3
229
30
229
55
229
21
229
69
230
2
230
7
230
2
231
7
231
76
231
34
231
79
231
2
231
42
232
2
232
76
232
85
232
3
233
1
233
2
234
1
234
2
234
76
234
3
234
44
234
3
235
2
235
3
235
20
235
81
236
85
236
2
236
66
237
1
237
11
237
52
237
3
238
76
239
2
239
2
239
60
239
1
239
7
240
88
241
21
242
2
242
32
243
65
243
19
244
1
244
3
244
56
245
3
245
28
246
11
246
1
247
1
247
2
247
2
247
68
248
56
248
1
248
2
248
1
248
89
250
58
250
2
252
2
252
75
252
2
252
39
252
49
253
1
253
45
253
78
254
3
254
2
255
81
255
1
255
1
256
1
256
79
256
2
256
22
257
2
257
30
257
62
257
3
257
1
257
30
257
3
258
51
258
34
258
1
258
3
259
1
259
2
260
38
260
3
260
45
260
77
260
2
260
2
260
34
261
2
261
2
262
81
263
2
263
69
263
2
263
3
263
28
263
67
263
2
263
86
263
72
263
71
264
3
264
45
264
33
264
2
265
26
265
1
265
82
265
2
265
83
266
11
266
57
266
6
266
33
266
38
267
75
267
15
267
3
268
2
268
13
268
2
268
73
269
1
269
18
269
1
270
1
270
3
270
1
270
56
270
68
271
2
271
3
272
47
272
2
273
15
273
6
273
22
273
70
273
34
273
1
274
33
274
46
274
55
275
11
275
24
275
3
275
1
276
2
276
65
277
1
277
1
277
3
277
57
277
1
278
61
278
1
279
2
279
3
279
69
279
3
279
63
280
23
280
22
280
5
280
1
281
3
282
13
282
3
282
3
282
10
283
3
284
2
285
72
285
43
285
3
286
1
286
75
286
3
287
3
287
3
287
3

