0
2
0
20
0
1
1
2
1
2
1
3
2
29
2
2
2
18
3
1
4
1
4
3
4
2
4
2
5
2
5
1
5
1
5
2
6
2
6
3
6
3
6
1
6
2
6
2
6
1
6
2
6
3
8
3
8
2
8
1
9
3
9
1
9
2
9
1
9
2
9
3
10
1
10
2
10
1
10
2
10
2
10
3
11
3
11
2
11
2
12
82
12
2
12
2
13
2
13
2
13
3
15
3
15
2
15
1
15
2
16
1
17
2
17
2
17
3
17
1
17
21
18
3
18
3
18
9
18
1
19
1
19
3
20
68
20
2
20
3
20
3
20
2
20
2
20
2
21
2
21
2
21
2
21
3
22
1
22
2
22
1
24
3
24
2
24
1
25
1
25
2
25
1
25
2
25
3
25
1
26
3
26
3
26
3
27
1
28
60
28
2
28
2
28
3
28
2
28
3
28
2
29
2
29
1
29
3
30
2
30
3
30
2
30
3
30
2
31
3
31
3
31
1
31
3
32
2
32
1
32
1
32
3
32
1
33
1
33
3
34
2
34
2
34
2
34
3
34
3
34
1
34
2
35
2
35
1
35
87
35
1
35
2
35
1
36
3
36
3
36
1
36
2
36
1
37
2
38
3
38
1
38
2
39
1
39
3
39
3
39
1
39
1
39
1
40
3
40
2
40
1
41
1
41
2
41
2
43
1
43
2
43
1
43
1
43
3
44
3
44
3
44
3
45
1
45
3
45
3
46
3
46
2
46
2
47
3
47
1
47
3
48
1
48
2
48
3
48
2
49
3
49
3
50
1
50
3
50
1
50
2
51
3
51
2
51
2
51
1
51
3
51
1
52
2
53
3
53
2
53
2
53
3
53
3
53
1
53
2
54
2
54
2
54
2
55
2
56
3
56
3
56
1
57
2
57
3
58
2
58
3
58
1
58
3
58
1
58
3
60
1
60
1
60
1
60
3
60
1
61
2
61
1
61
3
61
3
61
1
62
2
62
44
63
3
63
3
63
1
63
2
63
3
63
2
63
3
63
2
64
3
65
2
65
1
66
1
66
1
66
1
66
2
66
2
67
3
67
2
67
1
67
2
68
2
68
2
68
1
68
2
68
3
69
2
69
1
69
2
70
1
70
3
70
3
70
2
70
2
71
3
71
71
71
2
72
3
72
1
72
3
72
2
72
3
72
1
73
1
74
2
74
3
74
3
74
1
74
3
75
80
75
1
75
2
76
2
76
2
76
2
76
2
76
2
77
3
77
3
77
1
77
1
77
3
78
3
78
57
78
3
78
3
79
8
79
3
79
2
79
3
79
3
79
2
80
1
80
3
81
3
81
2
81
2
81
3
81
2
81
1
81
3
81
1
82
3
82
2
83
1
83
4
83
2
83
3
83
3
84
3
84
1
84
1
85
1
85
2
85
3
85
1
85
1
86
3
86
2
86
2
86
2
87
3
87
2
87
2
87
27
87
1
88
2
88
10
89
57
90
2
90
1
90
3
90
3
91
1
91
1
91
1
92
1
92
2
92
3
92
1
92
1
93
3
93
3
93
1
93
3
93
3
93
2
94
2
94
2
94
1
94
1
95
2
95
1
95
1
95
2
95
2
96
1
97
2
97
3
98
2
98
1
98
2
99
33
100
3
100
1
100
1
100
1
100
3
101
3
101
3
101
2
101
3
101
1
101
1
102
1
103
1
103
1
104
1
104
3
104
1
104
3
105
3
105
2
105
1
105
1
107
2
107
3
107
2
109
3
109
2
109
2
111
1
113
42
113
1
113
2
113
1
113
1
114
3
114
1
114
1
114
3
114
3
114
3
115
3
115
2
115
3
115
3
115
2
115
1
116
2
116
2
116
3
116
3
117
32
117
1
117
1
117
1
117
2
118
3
118
3
118
1
118
1
118
3
119
3
119
2
120
3
120
3
120
1
120
3
121
1
122
1
122
2
122
3
123
3
123
2
123
1
124
2
124
3
124
2
125
1
125
1
125
1
125
3
126
3
126
2
127
59
127
2
127
2
127
2
128
2
128
1
129
2
129
3
129
1
130
1
130
2
130
3
130
2
131
2
131
1
131
2
131
2
131
1
132
1
132
3
132
3
132
31
132
2
132
3
133
3
133
2
133
2
133
3
133
3
133
3
133
2
134
1
134
3
134
3
134
3
134
1
134
3
134
1
134
1
135
1
135
1
135
3
136
14
136
1
136
1
137
1
138
1
138
3
138
3
139
3
139
2
139
3
140
2
140
3
141
2
141
3
141
2
141
39
142
3
142
3
142
1
142
12
143
4
143
1
143
2
143
2
144
3
144
1
144
1
144
2
144
3
145
1
145
1
145
2
145
3
145
3
145
2
146
3
146
2
146
2
146
3
147
1
147
2
148
1
148
3
148
1
148
1
148
3
148
2
149
1
149
3
149
2
149
2
149
1
150
3
150
1
150
12
150
1
151
2
151
3
151
3
152
2
152
2
152
2
152
2
153
1
153
2
154
2
154
25
154
2
155
2
155
3
155
2
156
3
156
2
156
3
157
2
157
1
157
1
158
2
158
35
158
3
158
1
158
2
159
1
159
1
159
1
159
2
159
2
160
3
160
1
160
3
161
1
161
1
161
2
161
2
161
1
162
3
162
3
162
3
163
74
163
2
163
3
163
85
163
3
164
57
164
3
164
2
164
2
165
3
165
3
165
2
165
79
166
1
166
2
166
2
166
1
166
3
167
1
167
1
167
1
167
1
167
1
167
1
168
3
168
1
168
2
168
27
168
3
168
1
169
3
169
3
169
3
169
1
170
2
170
3
170
3
170
2
170
2
171
2
171
3
171
3
171
3
172
2
172
3
172
2
173
1
173
2
173
1
173
2
173
3
174
2
174
56
175
3
175
1
175
2
176
1
176
1
177
1
178
1
178
1
178
1
178
1
179
2
179
1
179
51
179
3
179
3
180
2
180
1
181
1
181
1
181
2
181
2
182
1
183
3
183
3
183
2
183
1
183
1
184
3
184
2
185
1
185
3
186
2
186
40
186
2
186
3
186
1
187
2
187
2
187
2
187
3
188
3
188
2
188
3
188
2
188
1
188
3
189
1
189
2
190
1
191
3
191
3
191
3
191
2
192
2
192
1
192
3
192
34
192
2
194
2
195
2
195
2
195
3
195
3
195
1
196
1
197
3
198
3
198
2
198
3
198
1
199
30
199
81
199
2
199
1
200
3
200
27
201
1
201
3
201
2
201
2
202
1
202
3
202
1
202
3
203
1
204
1
204
1
204
1
204
2
205
1
205
1
205
1
205
2
205
1
206
3
206
1
206
84
206
1
206
3
207
2
207
1
207
2
207
3
207
3
208
2
208
3
208
2
208
2
209
3
209
1
210
1
210
1
210
3
210
3
211
3
211
2
211
1
211
3
211
2
212
1
212
2
213
2
214
3
214
3
214
2
214
2
214
1
215
1
215
2
215
2
215
3
215
2
215
1
216
2
216
3
216
1
217
3
217
1
217
1
217
3
217
2
218
1
219
3
219
1
219
2
220
3
220
3
220
2
220
3
221
2
221
3
222
3
222
2
223
1
223
2
223
2
223
3
223
1
223
1
224
1
224
1
225
3
225
1
225
3
226
2
226
2
226
3
226
2
226
3
226
78
227
2
227
3
227
2
227
2
227
3
228
1
228
2
228
3
228
3
228
3
229
1
229
1
229
3
229
3
229
3
229
1
229
18
230
2
230
1
231
72
231
3
231
1
231
3
232
2
232
3
232
1
232
1
233
1
233
1
233
1
233
1
233
1
234
3
234
2
234
3
234
2
234
3
235
1
235
3
235
1
235
2
236
1
236
3
236
2
237
2
239
1
239
1
239
2
239
2
239
2
239
2
240
2
240
2
240
2
240
1
240
3
240
2
241
3
241
1
241
3
242
1
242
1
242
1
242
3
242
2
243
2
243
3
243
1
243
3
243
3
243
2
244
1
244
1
244
3
245
3
245
1
245
3
245
2
246
2
246
3
246
3
247
3
247
1
247
3
247
3
248
1
248
3
248
3
248
1
248
3
248
1
249
1
249
1
250
3
250
2
250
1
251
1
252
3
252
1
252
1
253
2
253
1
253
2
254
2
254
1
254
3
254
2
254
2
254
3
255
2
255
2
255
2
255
1
255
2
256
3
256
3
256
2
256
2
256
3
256
3
256
2
257
1
257
2
257
29
257
2
257
1
258
3
258
2
258
2
258
2
258
3
258
1
259
1
259
2
259
2
259
1
260
1
260
31
260
3
260
2
260
55
261
1
262
1
262
2
262
1
262
3
262
1
262
87
263
2
263
1
263
1
263
1
264
1
264
3
264
2
264
24
264
3
265
3
265
3
265
3
265
1
265
2
265
2
266
1
266
1
266
1
266
3
267
2
267
2
267
1
267
60
268
2
268
3
268
2
268
3
268
2
269
1
269
2
269
1
269
1
270
2
271
3
271
2
271
1
271
3
272
2
272
3
273
3
273
2
273
1
273
2

